{
  "nbformat": 4,
  "nbformat_minor": 0,
  "metadata": {
    "colab": {
      "provenance": [],
      "authorship_tag": "ABX9TyNFySz0Hi2F4lSsLSMEtrMt",
      "include_colab_link": true
    },
    "kernelspec": {
      "name": "python3",
      "display_name": "Python 3"
    },
    "language_info": {
      "name": "python"
    }
  },
  "cells": [
    {
      "cell_type": "markdown",
      "metadata": {
        "id": "view-in-github",
        "colab_type": "text"
      },
      "source": [
        "<a href=\"https://colab.research.google.com/github/Alialtinel/aalto_summer24_project/blob/main/notebooks/descriptive_statistics.ipynb\" target=\"_parent\"><img src=\"https://colab.research.google.com/assets/colab-badge.svg\" alt=\"Open In Colab\"/></a>"
      ]
    },
    {
      "cell_type": "code",
      "execution_count": 1,
      "metadata": {
        "id": "WQLZeqyuL9F1"
      },
      "outputs": [],
      "source": [
        "import pandas as pd"
      ]
    },
    {
      "cell_type": "code",
      "source": [
        "from google.colab import userdata\n",
        "access_token = userdata.get('pat_key')"
      ],
      "metadata": {
        "id": "57JJQxi6MLHw"
      },
      "execution_count": 2,
      "outputs": []
    },
    {
      "cell_type": "code",
      "source": [
        "!git clone https://{acces_token}@github.com/Alialtinel/aalto_summer24_project.git"
      ],
      "metadata": {
        "colab": {
          "base_uri": "https://localhost:8080/"
        },
        "id": "McUEDAY_MMBB",
        "outputId": "863c439b-79cc-435b-9319-878e91ed2a51"
      },
      "execution_count": 3,
      "outputs": [
        {
          "output_type": "stream",
          "name": "stdout",
          "text": [
            "Cloning into 'aalto_summer24_project'...\n",
            "remote: Enumerating objects: 107, done.\u001b[K\n",
            "remote: Counting objects: 100% (107/107), done.\u001b[K\n",
            "remote: Compressing objects: 100% (91/91), done.\u001b[K\n",
            "remote: Total 107 (delta 37), reused 39 (delta 11), pack-reused 0 (from 0)\u001b[K\n",
            "Receiving objects: 100% (107/107), 3.24 MiB | 6.53 MiB/s, done.\n",
            "Resolving deltas: 100% (37/37), done.\n"
          ]
        }
      ]
    },
    {
      "cell_type": "code",
      "source": [
        "%cd aalto_summer24_project"
      ],
      "metadata": {
        "colab": {
          "base_uri": "https://localhost:8080/"
        },
        "id": "PpiRF7qzMPjQ",
        "outputId": "055cc241-1aa2-4a90-dd00-904f2c528041"
      },
      "execution_count": 4,
      "outputs": [
        {
          "output_type": "stream",
          "name": "stdout",
          "text": [
            "/content/aalto_summer24_project\n"
          ]
        }
      ]
    },
    {
      "cell_type": "code",
      "source": [
        "df_2015 = pd.read_excel('/content/aalto_summer24_project/data/french_poverty_urban_areas_2015.xlsx')\n",
        "df_2016 = pd.read_excel('/content/aalto_summer24_project/data/french_poverty_urban_areas_2016.xlsx')\n",
        "df_2017 = pd.read_excel('/content/aalto_summer24_project/data/french_poverty_urban_areas_2017.xlsx')\n"
      ],
      "metadata": {
        "id": "y_NupqilMT9K"
      },
      "execution_count": 5,
      "outputs": []
    },
    {
      "cell_type": "code",
      "source": [
        "\n",
        "import plotly.express as px\n",
        "\n",
        "# 2015\n",
        "corr_matrix_2015 = df_2015.select_dtypes(include='number').corr()\n",
        "fig_2015 = px.imshow(corr_matrix_2015,\n",
        "                    color_continuous_scale='RdBu',\n",
        "                    title='Correlation Heatmap 2015')\n",
        "fig_2015.show()\n",
        "\n",
        "# 2016\n",
        "corr_matrix_2016 = df_2016.select_dtypes(include='number').corr()\n",
        "fig_2016 = px.imshow(corr_matrix_2016,\n",
        "                    color_continuous_scale='RdBu',\n",
        "                    title='Correlation Heatmap 2016')\n",
        "fig_2016.show()\n",
        "\n",
        "# 2017\n",
        "corr_matrix_2017 = df_2017.select_dtypes(include='number').corr()\n",
        "fig_2017 = px.imshow(corr_matrix_2017,\n",
        "                    color_continuous_scale='RdBu',\n",
        "                    title='Correlation Heatmap 2017')\n",
        "fig_2017.show()\n"
      ],
      "metadata": {
        "colab": {
          "base_uri": "https://localhost:8080/",
          "height": 1000
        },
        "id": "Z0vgg-Yxh5wt",
        "outputId": "af32f235-a0af-4767-9ceb-c3510720b9ec"
      },
      "execution_count": 15,
      "outputs": [
        {
          "output_type": "display_data",
          "data": {
            "text/html": [
              "<html>\n",
              "<head><meta charset=\"utf-8\" /></head>\n",
              "<body>\n",
              "    <div>            <script src=\"https://cdnjs.cloudflare.com/ajax/libs/mathjax/2.7.5/MathJax.js?config=TeX-AMS-MML_SVG\"></script><script type=\"text/javascript\">if (window.MathJax && window.MathJax.Hub && window.MathJax.Hub.Config) {window.MathJax.Hub.Config({SVG: {font: \"STIX-Web\"}});}</script>                <script type=\"text/javascript\">window.PlotlyConfig = {MathJaxConfig: 'local'};</script>\n",
              "        <script charset=\"utf-8\" src=\"https://cdn.plot.ly/plotly-2.24.1.min.js\"></script>                <div id=\"694d90d4-3f69-488d-90f2-e75e4c714200\" class=\"plotly-graph-div\" style=\"height:525px; width:100%;\"></div>            <script type=\"text/javascript\">                                    window.PLOTLYENV=window.PLOTLYENV || {};                                    if (document.getElementById(\"694d90d4-3f69-488d-90f2-e75e4c714200\")) {                    Plotly.newPlot(                        \"694d90d4-3f69-488d-90f2-e75e4c714200\",                        [{\"coloraxis\":\"coloraxis\",\"name\":\"0\",\"x\":[\"NBMENFISC\",\"NBPERSMENFISC\",\"MED\",\"PIMP\",\"TP60\",\"TP60AGE1\",\"TP60AGE2\",\"TP60AGE3\",\"TP60AGE4\",\"TP60AGE5\",\"TP60AGE6\",\"TP60TOL1\",\"TP60TOL2\",\"PACT\",\"PTSA\",\"PCHO\",\"PBEN\",\"PPEN\",\"PPAT\",\"PPSOC\",\"PPFAM\",\"PPMINI\",\"PPLOGT\",\"PIMPOT\",\"D1\",\"D9\",\"RD\"],\"y\":[\"NBMENFISC\",\"NBPERSMENFISC\",\"MED\",\"PIMP\",\"TP60\",\"TP60AGE1\",\"TP60AGE2\",\"TP60AGE3\",\"TP60AGE4\",\"TP60AGE5\",\"TP60AGE6\",\"TP60TOL1\",\"TP60TOL2\",\"PACT\",\"PTSA\",\"PCHO\",\"PBEN\",\"PPEN\",\"PPAT\",\"PPSOC\",\"PPFAM\",\"PPMINI\",\"PPLOGT\",\"PIMPOT\",\"D1\",\"D9\",\"RD\"],\"z\":[[1.0,0.9997480590374224,0.13719735326298463,0.15648873201104221,-0.014995896881332968,-0.09092500667393834,-0.08325037313178989,-0.06539338432659508,-0.043787005521204195,-0.019773095707629227,-0.05798193534221135,-0.07003793770433013,-0.031311040883134564,0.19350531772183666,0.19061983060864826,-0.0048934490467595175,-0.026357484072701998,-0.154887363861931,0.005137814682986208,-0.038740684101017,-0.018690055824398477,-0.04318035045554692,-0.03787958856928447,-0.22781697515790045,-0.013302249242968455,0.19935807936725253,0.201886108499329],[0.9997480590374224,1.0,0.1316803743173137,0.15082505335589694,-0.011748567926429173,-0.08628747634946676,-0.07814951413942081,-0.060470341372496544,-0.03896122413974824,-0.01446714588504275,-0.05258173222514677,-0.06490265469083499,-0.028600302291657574,0.19036004902817255,0.1875052830027905,-0.0034376934481396616,-0.02631128807348194,-0.15345070968344054,0.0038191079961055556,-0.03542628523064291,-0.01492697521445571,-0.040250439989131366,-0.03544248302984573,-0.22113659310267927,-0.015266507911382034,0.19439371609706552,0.1993381976849013],[0.13719735326298463,0.1316803743173137,1.0,0.883939183859404,-0.8127172644028844,-0.8473103671611939,-0.8357214403295253,-0.84215857772024,-0.8252905134837603,-0.7513068011926085,-0.7280465585648564,-0.7285334689843769,-0.7988464889602926,0.3547399395887337,0.3680301862260857,-0.444227685899692,0.014235610533194292,-0.11602551416654995,0.3103288370341449,-0.8355546224131889,-0.6505965413993057,-0.7847867181287901,-0.8377337984717749,-0.6704050737581205,0.7808181075395024,0.7904128630727393,0.0382451572865439],[0.15648873201104221,0.15082505335589694,0.883939183859404,1.0,-0.7525586562393871,-0.8486178618604524,-0.7976919760774983,-0.7934799267801725,-0.8096679204461938,-0.7731716256888477,-0.808608915847115,-0.7412852505393259,-0.7626404883485575,0.4035872897837995,0.38867029047876284,-0.35952467125963117,0.09565909971550311,-0.06455678022755237,0.1674664025435463,-0.7931501858532856,-0.5875043957162587,-0.7692318448541348,-0.7790657344090732,-0.8175850201214528,0.7117086949984847,0.6959043458080798,0.014247243145984191],[-0.014995896881332968,-0.011748567926429173,-0.8127172644028844,-0.7525586562393871,1.0,0.9293470992100128,0.9383532268546164,0.955201985752507,0.9545436290747878,0.9327301865027532,0.9044326059567557,0.8670142480608617,0.9034373623630796,-0.18664986546953224,-0.2220765717865412,0.5771293820305561,-0.0006579847898216955,-0.09820994889122914,-0.2062345181098014,0.904740753257725,0.6105519034128741,0.9080363361855616,0.8923718684627616,0.4225507845171509,-0.9441422273556194,-0.3740065810243169,0.4823118319345326],[-0.09092500667393834,-0.08628747634946676,-0.8473103671611939,-0.8486178618604524,0.9293470992100128,1.0,0.9306771718225312,0.9195273936197987,0.8979198926986853,0.7963339651048319,0.8038547961938387,0.792487487543028,0.9211426082396873,-0.32329253567561345,-0.3762797607524358,0.6207327306548274,0.11478832936758823,-0.06938040896896686,-0.3100767844511756,0.903731954284338,0.7124169146767043,0.9103213575675415,0.9011211756032784,0.6292327056548681,-0.8996221642008996,-0.5136803258790859,0.3582548653897136],[-0.08325037313178989,-0.07814951413942081,-0.8357214403295253,-0.7976919760774983,0.9383532268546164,0.9306771718225312,1.0,0.9406680883214892,0.9086291417845167,0.8296612877718945,0.8176198174023905,0.7741306141694316,0.9159998533245511,-0.3708993800024147,-0.3939213992995396,0.5535112130014592,-0.021449704780458892,0.04302895559535578,-0.2499983259074663,0.8483440065960866,0.6084020731823323,0.8435519492106267,0.8746758405893846,0.5641906735538947,-0.9201801628599675,-0.4922679692681109,0.3674210399076688],[-0.06539338432659508,-0.060470341372496544,-0.84215857772024,-0.7934799267801725,0.955201985752507,0.9195273936197987,0.9406680883214892,1.0,0.9390494475441842,0.8697187364548356,0.8457778981343893,0.817292320201842,0.8930040836545029,-0.36620444471805785,-0.3964921927567269,0.5767731299026154,0.015403552908602094,0.05842927465325455,-0.19994102306186404,0.841249305596082,0.5592443591488938,0.8478917848217333,0.8636696543655572,0.5037248361342902,-0.9295722390385528,-0.45194305955836184,0.39928568301247924],[-0.043787005521204195,-0.03896122413974824,-0.8252905134837603,-0.8096679204461938,0.9545436290747878,0.8979198926986853,0.9086291417845167,0.9390494475441842,1.0,0.902280441493793,0.873783309359519,0.8750899654147611,0.8573341446580363,-0.3335174439669597,-0.38481418669979794,0.6342513601068822,0.1073337532289688,-0.008790514410973891,-0.1717748116039945,0.8479218290674554,0.5976864568535678,0.8694155702292218,0.8387101138927813,0.4806998048245734,-0.9139990400727659,-0.40719181797564397,0.450343660766143],[-0.019773095707629227,-0.01446714588504275,-0.7513068011926085,-0.7731716256888477,0.9327301865027532,0.7963339651048319,0.8296612877718945,0.8697187364548356,0.902280441493793,1.0,0.9348198170644143,0.9184723945764165,0.7790868361343077,-0.0736988430193216,-0.1412643961340567,0.6577062734265426,0.11426347235433652,-0.3041538649591201,-0.19951938749678316,0.8246847758954772,0.6696346206293036,0.8439893082270388,0.750051653896127,0.4725641264274365,-0.8657525512920831,-0.30302597674964965,0.5459838518862826],[-0.05798193534221135,-0.05258173222514677,-0.7280465585648564,-0.808608915847115,0.9044326059567557,0.8038547961938387,0.8176198174023905,0.8457778981343893,0.873783309359519,0.9348198170644143,1.0,0.9719891828008286,0.7381768293463306,0.01596016777853983,-0.07705818743632477,0.5749641121852813,0.2910932572835792,-0.4378610901707359,-0.2528290886414224,0.8711655831529308,0.68917698955986,0.9222803165195528,0.7507688741205962,0.5680600115458773,-0.7726118168512052,-0.27575655552245765,0.5255168279955789],[-0.07003793770433013,-0.06490265469083499,-0.7285334689843769,-0.7412852505393259,0.8670142480608617,0.792487487543028,0.7741306141694316,0.817292320201842,0.8750899654147611,0.9184723945764165,0.9719891828008286,1.0,0.7036552634567126,-0.21063063997339543,-0.26583779947264663,0.4780157136443394,0.12683805644482865,-0.09481132136524363,-0.15749914412139823,0.777249714031458,0.5147916564692462,0.8497231064400885,0.6583957647051524,0.4607957484264016,-0.7491282402069689,-0.30904036556567693,0.41638658886188695],[-0.031311040883134564,-0.028600302291657574,-0.7988464889602926,-0.7626404883485575,0.9034373623630796,0.9211426082396873,0.9159998533245511,0.8930040836545029,0.8573341446580363,0.7790868361343077,0.7381768293463306,0.7036552634567126,1.0,-0.23529908020609852,-0.24422978508651308,0.496935339601823,-0.07280225751169926,-0.02495484924489839,-0.3066354078234454,0.8399346251053055,0.6145337136697258,0.806494906107546,0.8546187577241818,0.515566303045341,-0.8973877984672244,-0.49958051527141156,0.3079766670335007],[0.19350531772183666,0.19036004902817255,0.3547399395887337,0.4035872897837995,-0.18664986546953224,-0.32329253567561345,-0.3708993800024147,-0.36620444471805785,-0.3335174439669597,-0.0736988430193216,0.01596016777853983,-0.21063063997339543,-0.23529908020609852,1.0,0.9712994048561846,0.051545420527596475,-0.10388448424786571,-0.8467531912088999,-0.39346566402980276,-0.07024621410633311,0.26373871544690863,-0.18097714459377545,-0.1826305354096107,-0.32102833921174767,0.26335549032762096,0.3083256734218848,0.0931320134036785],[0.19061983060864826,0.1875052830027905,0.3680301862260857,0.38867029047876284,-0.2220765717865412,-0.3762797607524358,-0.3939213992995396,-0.3964921927567269,-0.38481418669979794,-0.1412643961340567,-0.07705818743632477,-0.26583779947264663,-0.24422978508651308,0.9712994048561846,1.0,0.008880414447102037,-0.3248705711961673,-0.8113312938028993,-0.4376270026281427,-0.07513919332490646,0.2721817673028966,-0.19486393765216292,-0.18233140425876637,-0.22942980227239013,0.286311996871786,0.25232529851000124,0.016525893295740415],[-0.0048934490467595175,-0.0034376934481396616,-0.444227685899692,-0.35952467125963117,0.5771293820305561,0.6207327306548274,0.5535112130014592,0.5767731299026154,0.6342513601068822,0.6577062734265426,0.5749641121852813,0.4780157136443394,0.496935339601823,0.051545420527596475,0.008880414447102037,1.0,-0.15608573185224692,-0.18177034249799043,-0.19606614563340108,0.5012321710232136,0.4230809092150698,0.4498828743246103,0.5056282941537962,0.19944183751684455,-0.5519685963425793,-0.20979968214928554,0.2847023264848285],[-0.026357484072701998,-0.02631128807348194,0.014235610533194292,0.09565909971550311,-0.0006579847898216955,0.11478832936758823,-0.021449704780458892,0.015403552908602094,0.1073337532289688,0.11426347235433652,0.2910932572835792,0.12683805644482865,-0.07280225751169926,-0.10388448424786571,-0.3248705711961673,-0.15608573185224692,1.0,0.08641528383532227,0.33021729139137646,-0.12742537256527028,-0.22593486195254747,-0.0504220188364008,-0.1280596725960318,-0.3827896523723727,0.02837922390683915,0.2381284876330417,0.20879291005657702],[-0.154887363861931,-0.15345070968344054,-0.11602551416654995,-0.06455678022755237,-0.09820994889122914,-0.06938040896896686,0.04302895559535578,0.05842927465325455,-0.008790514410973891,-0.3041538649591201,-0.4378610901707359,-0.09481132136524363,-0.02495484924489839,-0.8467531912088999,-0.8113312938028993,-0.18177034249799043,0.08641528383532227,1.0,0.10795699537817906,-0.2035943511004147,-0.4767710779594725,-0.09003513269552099,-0.06442520137436512,0.06253269595230708,-0.01563825042653342,-0.2006706338073115,-0.22208130668809983],[0.005137814682986208,0.0038191079961055556,0.3103288370341449,0.1674664025435463,-0.2062345181098014,-0.3100767844511756,-0.2499983259074663,-0.19994102306186404,-0.1717748116039945,-0.19951938749678316,-0.2528290886414224,-0.15749914412139823,-0.3066354078234454,-0.39346566402980276,-0.4376270026281427,-0.19606614563340108,0.33021729139137646,0.10795699537817906,1.0,-0.3908767035782705,-0.4732102725822932,-0.298669440536949,-0.3462936111061822,-0.2826661234835626,0.15526944971577233,0.42140276632185397,0.24701349806975934],[-0.038740684101017,-0.03542628523064291,-0.8355546224131889,-0.7931501858532856,0.904740753257725,0.903731954284338,0.8483440065960866,0.841249305596082,0.8479218290674554,0.8246847758954772,0.8711655831529308,0.777249714031458,0.8399346251053055,-0.07024621410633311,-0.07513919332490646,0.5012321710232136,-0.12742537256527028,-0.2035943511004147,-0.3908767035782705,1.0,0.8057716919766275,0.9535512838482042,0.9438652082410568,0.5626986732902196,-0.7943723554175426,-0.5290495251103959,0.22341806454490162],[-0.018690055824398477,-0.01492697521445571,-0.6505965413993057,-0.5875043957162587,0.6105519034128741,0.7124169146767043,0.6084020731823323,0.5592443591488938,0.5976864568535678,0.6696346206293036,0.68917698955986,0.5147916564692462,0.6145337136697258,0.26373871544690863,0.2721817673028966,0.4230809092150698,-0.22593486195254747,-0.4767710779594725,-0.4732102725822932,0.8057716919766275,1.0,0.6154535011664494,0.6927922590535819,0.5339128111260131,-0.47742600081215086,-0.5499826673504538,-0.055713511976632185],[-0.04318035045554692,-0.040250439989131366,-0.7847867181287901,-0.7692318448541348,0.9080363361855616,0.9103213575675415,0.8435519492106267,0.8478917848217333,0.8694155702292218,0.8439893082270388,0.9222803165195528,0.8497231064400885,0.806494906107546,-0.18097714459377545,-0.19486393765216292,0.4498828743246103,-0.0504220188364008,-0.09003513269552099,-0.298669440536949,0.9535512838482042,0.6154535011664494,1.0,0.8836025097972297,0.4970400546611606,-0.7993715580472776,-0.4211434377071099,0.3291920252680919],[-0.03787958856928447,-0.03544248302984573,-0.8377337984717749,-0.7790657344090732,0.8923718684627616,0.9011211756032784,0.8746758405893846,0.8636696543655572,0.8387101138927813,0.750051653896127,0.7507688741205962,0.6583957647051524,0.8546187577241818,-0.1826305354096107,-0.18233140425876637,0.5056282941537962,-0.1280596725960318,-0.06442520137436512,-0.3462936111061822,0.9438652082410568,0.6927922590535819,0.8836025097972297,1.0,0.5229335820740865,-0.842588427811555,-0.5314741742409554,0.23457703325201945],[-0.22781697515790045,-0.22113659310267927,-0.6704050737581205,-0.8175850201214528,0.4225507845171509,0.6292327056548681,0.5641906735538947,0.5037248361342902,0.4806998048245734,0.4725641264274365,0.5680600115458773,0.4607957484264016,0.515566303045341,-0.32102833921174767,-0.22942980227239013,0.19944183751684455,-0.3827896523723727,0.06253269595230708,-0.2826661234835626,0.5626986732902196,0.5339128111260131,0.4970400546611606,0.5229335820740865,1.0,-0.3762927691942407,-0.7855954126706137,-0.3896753121976747],[-0.013302249242968455,-0.015266507911382034,0.7808181075395024,0.7117086949984847,-0.9441422273556194,-0.8996221642008996,-0.9201801628599675,-0.9295722390385528,-0.9139990400727659,-0.8657525512920831,-0.7726118168512052,-0.7491282402069689,-0.8973877984672244,0.26335549032762096,0.286311996871786,-0.5519685963425793,0.02837922390683915,-0.01563825042653342,0.15526944971577233,-0.7943723554175426,-0.47742600081215086,-0.7993715580472776,-0.842588427811555,-0.3762927691942407,1.0,0.37294312027461196,-0.5090745134960748],[0.19935807936725253,0.19439371609706552,0.7904128630727393,0.6959043458080798,-0.3740065810243169,-0.5136803258790859,-0.4922679692681109,-0.45194305955836184,-0.40719181797564397,-0.30302597674964965,-0.27575655552245765,-0.30904036556567693,-0.49958051527141156,0.3083256734218848,0.25232529851000124,-0.20979968214928554,0.2381284876330417,-0.2006706338073115,0.42140276632185397,-0.5290495251103959,-0.5499826673504538,-0.4211434377071099,-0.5314741742409554,-0.7855954126706137,0.37294312027461196,1.0,0.5971049917613519],[0.201886108499329,0.1993381976849013,0.0382451572865439,0.014247243145984191,0.4823118319345326,0.3582548653897136,0.3674210399076688,0.39928568301247924,0.450343660766143,0.5459838518862826,0.5255168279955789,0.41638658886188695,0.3079766670335007,0.0931320134036785,0.016525893295740415,0.2847023264848285,0.20879291005657702,-0.22208130668809983,0.24701349806975934,0.22341806454490162,-0.055713511976632185,0.3291920252680919,0.23457703325201945,-0.3896753121976747,-0.5090745134960748,0.5971049917613519,1.0]],\"type\":\"heatmap\",\"xaxis\":\"x\",\"yaxis\":\"y\",\"hovertemplate\":\"x: %{x}\\u003cbr\\u003ey: %{y}\\u003cbr\\u003ecolor: %{z}\\u003cextra\\u003e\\u003c\\u002fextra\\u003e\"}],                        {\"template\":{\"data\":{\"histogram2dcontour\":[{\"type\":\"histogram2dcontour\",\"colorbar\":{\"outlinewidth\":0,\"ticks\":\"\"},\"colorscale\":[[0.0,\"#0d0887\"],[0.1111111111111111,\"#46039f\"],[0.2222222222222222,\"#7201a8\"],[0.3333333333333333,\"#9c179e\"],[0.4444444444444444,\"#bd3786\"],[0.5555555555555556,\"#d8576b\"],[0.6666666666666666,\"#ed7953\"],[0.7777777777777778,\"#fb9f3a\"],[0.8888888888888888,\"#fdca26\"],[1.0,\"#f0f921\"]]}],\"choropleth\":[{\"type\":\"choropleth\",\"colorbar\":{\"outlinewidth\":0,\"ticks\":\"\"}}],\"histogram2d\":[{\"type\":\"histogram2d\",\"colorbar\":{\"outlinewidth\":0,\"ticks\":\"\"},\"colorscale\":[[0.0,\"#0d0887\"],[0.1111111111111111,\"#46039f\"],[0.2222222222222222,\"#7201a8\"],[0.3333333333333333,\"#9c179e\"],[0.4444444444444444,\"#bd3786\"],[0.5555555555555556,\"#d8576b\"],[0.6666666666666666,\"#ed7953\"],[0.7777777777777778,\"#fb9f3a\"],[0.8888888888888888,\"#fdca26\"],[1.0,\"#f0f921\"]]}],\"heatmap\":[{\"type\":\"heatmap\",\"colorbar\":{\"outlinewidth\":0,\"ticks\":\"\"},\"colorscale\":[[0.0,\"#0d0887\"],[0.1111111111111111,\"#46039f\"],[0.2222222222222222,\"#7201a8\"],[0.3333333333333333,\"#9c179e\"],[0.4444444444444444,\"#bd3786\"],[0.5555555555555556,\"#d8576b\"],[0.6666666666666666,\"#ed7953\"],[0.7777777777777778,\"#fb9f3a\"],[0.8888888888888888,\"#fdca26\"],[1.0,\"#f0f921\"]]}],\"heatmapgl\":[{\"type\":\"heatmapgl\",\"colorbar\":{\"outlinewidth\":0,\"ticks\":\"\"},\"colorscale\":[[0.0,\"#0d0887\"],[0.1111111111111111,\"#46039f\"],[0.2222222222222222,\"#7201a8\"],[0.3333333333333333,\"#9c179e\"],[0.4444444444444444,\"#bd3786\"],[0.5555555555555556,\"#d8576b\"],[0.6666666666666666,\"#ed7953\"],[0.7777777777777778,\"#fb9f3a\"],[0.8888888888888888,\"#fdca26\"],[1.0,\"#f0f921\"]]}],\"contourcarpet\":[{\"type\":\"contourcarpet\",\"colorbar\":{\"outlinewidth\":0,\"ticks\":\"\"}}],\"contour\":[{\"type\":\"contour\",\"colorbar\":{\"outlinewidth\":0,\"ticks\":\"\"},\"colorscale\":[[0.0,\"#0d0887\"],[0.1111111111111111,\"#46039f\"],[0.2222222222222222,\"#7201a8\"],[0.3333333333333333,\"#9c179e\"],[0.4444444444444444,\"#bd3786\"],[0.5555555555555556,\"#d8576b\"],[0.6666666666666666,\"#ed7953\"],[0.7777777777777778,\"#fb9f3a\"],[0.8888888888888888,\"#fdca26\"],[1.0,\"#f0f921\"]]}],\"surface\":[{\"type\":\"surface\",\"colorbar\":{\"outlinewidth\":0,\"ticks\":\"\"},\"colorscale\":[[0.0,\"#0d0887\"],[0.1111111111111111,\"#46039f\"],[0.2222222222222222,\"#7201a8\"],[0.3333333333333333,\"#9c179e\"],[0.4444444444444444,\"#bd3786\"],[0.5555555555555556,\"#d8576b\"],[0.6666666666666666,\"#ed7953\"],[0.7777777777777778,\"#fb9f3a\"],[0.8888888888888888,\"#fdca26\"],[1.0,\"#f0f921\"]]}],\"mesh3d\":[{\"type\":\"mesh3d\",\"colorbar\":{\"outlinewidth\":0,\"ticks\":\"\"}}],\"scatter\":[{\"fillpattern\":{\"fillmode\":\"overlay\",\"size\":10,\"solidity\":0.2},\"type\":\"scatter\"}],\"parcoords\":[{\"type\":\"parcoords\",\"line\":{\"colorbar\":{\"outlinewidth\":0,\"ticks\":\"\"}}}],\"scatterpolargl\":[{\"type\":\"scatterpolargl\",\"marker\":{\"colorbar\":{\"outlinewidth\":0,\"ticks\":\"\"}}}],\"bar\":[{\"error_x\":{\"color\":\"#2a3f5f\"},\"error_y\":{\"color\":\"#2a3f5f\"},\"marker\":{\"line\":{\"color\":\"#E5ECF6\",\"width\":0.5},\"pattern\":{\"fillmode\":\"overlay\",\"size\":10,\"solidity\":0.2}},\"type\":\"bar\"}],\"scattergeo\":[{\"type\":\"scattergeo\",\"marker\":{\"colorbar\":{\"outlinewidth\":0,\"ticks\":\"\"}}}],\"scatterpolar\":[{\"type\":\"scatterpolar\",\"marker\":{\"colorbar\":{\"outlinewidth\":0,\"ticks\":\"\"}}}],\"histogram\":[{\"marker\":{\"pattern\":{\"fillmode\":\"overlay\",\"size\":10,\"solidity\":0.2}},\"type\":\"histogram\"}],\"scattergl\":[{\"type\":\"scattergl\",\"marker\":{\"colorbar\":{\"outlinewidth\":0,\"ticks\":\"\"}}}],\"scatter3d\":[{\"type\":\"scatter3d\",\"line\":{\"colorbar\":{\"outlinewidth\":0,\"ticks\":\"\"}},\"marker\":{\"colorbar\":{\"outlinewidth\":0,\"ticks\":\"\"}}}],\"scattermapbox\":[{\"type\":\"scattermapbox\",\"marker\":{\"colorbar\":{\"outlinewidth\":0,\"ticks\":\"\"}}}],\"scatterternary\":[{\"type\":\"scatterternary\",\"marker\":{\"colorbar\":{\"outlinewidth\":0,\"ticks\":\"\"}}}],\"scattercarpet\":[{\"type\":\"scattercarpet\",\"marker\":{\"colorbar\":{\"outlinewidth\":0,\"ticks\":\"\"}}}],\"carpet\":[{\"aaxis\":{\"endlinecolor\":\"#2a3f5f\",\"gridcolor\":\"white\",\"linecolor\":\"white\",\"minorgridcolor\":\"white\",\"startlinecolor\":\"#2a3f5f\"},\"baxis\":{\"endlinecolor\":\"#2a3f5f\",\"gridcolor\":\"white\",\"linecolor\":\"white\",\"minorgridcolor\":\"white\",\"startlinecolor\":\"#2a3f5f\"},\"type\":\"carpet\"}],\"table\":[{\"cells\":{\"fill\":{\"color\":\"#EBF0F8\"},\"line\":{\"color\":\"white\"}},\"header\":{\"fill\":{\"color\":\"#C8D4E3\"},\"line\":{\"color\":\"white\"}},\"type\":\"table\"}],\"barpolar\":[{\"marker\":{\"line\":{\"color\":\"#E5ECF6\",\"width\":0.5},\"pattern\":{\"fillmode\":\"overlay\",\"size\":10,\"solidity\":0.2}},\"type\":\"barpolar\"}],\"pie\":[{\"automargin\":true,\"type\":\"pie\"}]},\"layout\":{\"autotypenumbers\":\"strict\",\"colorway\":[\"#636efa\",\"#EF553B\",\"#00cc96\",\"#ab63fa\",\"#FFA15A\",\"#19d3f3\",\"#FF6692\",\"#B6E880\",\"#FF97FF\",\"#FECB52\"],\"font\":{\"color\":\"#2a3f5f\"},\"hovermode\":\"closest\",\"hoverlabel\":{\"align\":\"left\"},\"paper_bgcolor\":\"white\",\"plot_bgcolor\":\"#E5ECF6\",\"polar\":{\"bgcolor\":\"#E5ECF6\",\"angularaxis\":{\"gridcolor\":\"white\",\"linecolor\":\"white\",\"ticks\":\"\"},\"radialaxis\":{\"gridcolor\":\"white\",\"linecolor\":\"white\",\"ticks\":\"\"}},\"ternary\":{\"bgcolor\":\"#E5ECF6\",\"aaxis\":{\"gridcolor\":\"white\",\"linecolor\":\"white\",\"ticks\":\"\"},\"baxis\":{\"gridcolor\":\"white\",\"linecolor\":\"white\",\"ticks\":\"\"},\"caxis\":{\"gridcolor\":\"white\",\"linecolor\":\"white\",\"ticks\":\"\"}},\"coloraxis\":{\"colorbar\":{\"outlinewidth\":0,\"ticks\":\"\"}},\"colorscale\":{\"sequential\":[[0.0,\"#0d0887\"],[0.1111111111111111,\"#46039f\"],[0.2222222222222222,\"#7201a8\"],[0.3333333333333333,\"#9c179e\"],[0.4444444444444444,\"#bd3786\"],[0.5555555555555556,\"#d8576b\"],[0.6666666666666666,\"#ed7953\"],[0.7777777777777778,\"#fb9f3a\"],[0.8888888888888888,\"#fdca26\"],[1.0,\"#f0f921\"]],\"sequentialminus\":[[0.0,\"#0d0887\"],[0.1111111111111111,\"#46039f\"],[0.2222222222222222,\"#7201a8\"],[0.3333333333333333,\"#9c179e\"],[0.4444444444444444,\"#bd3786\"],[0.5555555555555556,\"#d8576b\"],[0.6666666666666666,\"#ed7953\"],[0.7777777777777778,\"#fb9f3a\"],[0.8888888888888888,\"#fdca26\"],[1.0,\"#f0f921\"]],\"diverging\":[[0,\"#8e0152\"],[0.1,\"#c51b7d\"],[0.2,\"#de77ae\"],[0.3,\"#f1b6da\"],[0.4,\"#fde0ef\"],[0.5,\"#f7f7f7\"],[0.6,\"#e6f5d0\"],[0.7,\"#b8e186\"],[0.8,\"#7fbc41\"],[0.9,\"#4d9221\"],[1,\"#276419\"]]},\"xaxis\":{\"gridcolor\":\"white\",\"linecolor\":\"white\",\"ticks\":\"\",\"title\":{\"standoff\":15},\"zerolinecolor\":\"white\",\"automargin\":true,\"zerolinewidth\":2},\"yaxis\":{\"gridcolor\":\"white\",\"linecolor\":\"white\",\"ticks\":\"\",\"title\":{\"standoff\":15},\"zerolinecolor\":\"white\",\"automargin\":true,\"zerolinewidth\":2},\"scene\":{\"xaxis\":{\"backgroundcolor\":\"#E5ECF6\",\"gridcolor\":\"white\",\"linecolor\":\"white\",\"showbackground\":true,\"ticks\":\"\",\"zerolinecolor\":\"white\",\"gridwidth\":2},\"yaxis\":{\"backgroundcolor\":\"#E5ECF6\",\"gridcolor\":\"white\",\"linecolor\":\"white\",\"showbackground\":true,\"ticks\":\"\",\"zerolinecolor\":\"white\",\"gridwidth\":2},\"zaxis\":{\"backgroundcolor\":\"#E5ECF6\",\"gridcolor\":\"white\",\"linecolor\":\"white\",\"showbackground\":true,\"ticks\":\"\",\"zerolinecolor\":\"white\",\"gridwidth\":2}},\"shapedefaults\":{\"line\":{\"color\":\"#2a3f5f\"}},\"annotationdefaults\":{\"arrowcolor\":\"#2a3f5f\",\"arrowhead\":0,\"arrowwidth\":1},\"geo\":{\"bgcolor\":\"white\",\"landcolor\":\"#E5ECF6\",\"subunitcolor\":\"white\",\"showland\":true,\"showlakes\":true,\"lakecolor\":\"white\"},\"title\":{\"x\":0.05},\"mapbox\":{\"style\":\"light\"}}},\"xaxis\":{\"anchor\":\"y\",\"domain\":[0.0,1.0],\"scaleanchor\":\"y\",\"constrain\":\"domain\"},\"yaxis\":{\"anchor\":\"x\",\"domain\":[0.0,1.0],\"autorange\":\"reversed\",\"constrain\":\"domain\"},\"coloraxis\":{\"colorscale\":[[0.0,\"rgb(103,0,31)\"],[0.1,\"rgb(178,24,43)\"],[0.2,\"rgb(214,96,77)\"],[0.3,\"rgb(244,165,130)\"],[0.4,\"rgb(253,219,199)\"],[0.5,\"rgb(247,247,247)\"],[0.6,\"rgb(209,229,240)\"],[0.7,\"rgb(146,197,222)\"],[0.8,\"rgb(67,147,195)\"],[0.9,\"rgb(33,102,172)\"],[1.0,\"rgb(5,48,97)\"]]},\"title\":{\"text\":\"Correlation Heatmap 2015\"}},                        {\"responsive\": true}                    ).then(function(){\n",
              "                            \n",
              "var gd = document.getElementById('694d90d4-3f69-488d-90f2-e75e4c714200');\n",
              "var x = new MutationObserver(function (mutations, observer) {{\n",
              "        var display = window.getComputedStyle(gd).display;\n",
              "        if (!display || display === 'none') {{\n",
              "            console.log([gd, 'removed!']);\n",
              "            Plotly.purge(gd);\n",
              "            observer.disconnect();\n",
              "        }}\n",
              "}});\n",
              "\n",
              "// Listen for the removal of the full notebook cells\n",
              "var notebookContainer = gd.closest('#notebook-container');\n",
              "if (notebookContainer) {{\n",
              "    x.observe(notebookContainer, {childList: true});\n",
              "}}\n",
              "\n",
              "// Listen for the clearing of the current output cell\n",
              "var outputEl = gd.closest('.output');\n",
              "if (outputEl) {{\n",
              "    x.observe(outputEl, {childList: true});\n",
              "}}\n",
              "\n",
              "                        })                };                            </script>        </div>\n",
              "</body>\n",
              "</html>"
            ]
          },
          "metadata": {}
        },
        {
          "output_type": "display_data",
          "data": {
            "text/html": [
              "<html>\n",
              "<head><meta charset=\"utf-8\" /></head>\n",
              "<body>\n",
              "    <div>            <script src=\"https://cdnjs.cloudflare.com/ajax/libs/mathjax/2.7.5/MathJax.js?config=TeX-AMS-MML_SVG\"></script><script type=\"text/javascript\">if (window.MathJax && window.MathJax.Hub && window.MathJax.Hub.Config) {window.MathJax.Hub.Config({SVG: {font: \"STIX-Web\"}});}</script>                <script type=\"text/javascript\">window.PlotlyConfig = {MathJaxConfig: 'local'};</script>\n",
